6.637534763124675052e-01
-9.469215407145305241e-02
-2.743306344223623294e-01
3.876346773239498500e-01
3.603863609192038409e-01
-1.211204197577102071e-01
-3.329102358665675943e-01
-5.741106390210730659e-01
1.440629647755035658e-01
-2.807848517022838997e-01
2.763814607472899754e-01
5.720061949080866570e-02
6.079082646009664574e-03
-5.671875988563235271e-01
-3.107817449977677837e-01
-7.228383445614547376e-02
2.193936625315320507e-02
3.814584095930057539e-01
-2.690885853130046690e-01
-1.743745759445307075e-01
5.919761419317715045e-02
2.644345863101330574e-01
-4.909428296029717809e-02
-6.108787036697029826e-01
-3.015366328988502431e-01
1.488075666851792489e-01
-1.565591433846785230e-01
7.380371171994977442e-02
-3.415686306061773148e-01
5.424483392493364420e-01
-8.372790489997593566e-01
4.728445161935768692e-01
8.191841814886638429e-02
-1.570619289520069906e-01
1.104262912687171277e-01
-2.053844277386879247e-01
3.277106299752371998e-01
-2.655686226822471796e-01
5.466488570458846730e-02
2.535328202028194061e-02
3.656760847987341467e-01
5.998960130762055754e-02
3.899556936386591732e-01
6.379570986674935051e-01
7.140808214162840117e-02
-1.023176825581704613e-01
-3.054245666207931476e-01
-1.276639435550971091e-01
2.385172284781056362e-02
-3.367014321304596658e-01
7.265692700337897936e-01
3.283014662117725996e-02
3.455739574280565496e-02
-1.894711354152529489e-02
7.035392152446805214e-02
6.801579014729730588e-02
2.104880069381238200e-02
-3.877548774452378721e-02
-3.077167678442165322e-01
1.512683940497689117e-01
-2.656264068237006448e-01
-1.066832163272415923e-01
4.825401820767047378e-01
2.427085127967094358e-01
-1.397295806661381923e-01
-8.712927997476807573e-02
-2.940306339065124619e-01
7.043528456569124810e-03
1.455401865644642134e-01
-2.020467383011244067e-01
-1.596539926745570437e-01
-4.819901644645450123e-01
-1.980136547149129456e-01
-9.099238548258866202e-03
6.130030892226361328e-01
-1.494814728503031931e-01
-1.243406761145785487e-02
3.473925398784175056e-01
-4.213592326399460686e-01
-1.143704036025705029e-01
1.428257601948917932e-01
-3.854383169799694975e-01
3.123111092168317504e-01
-3.785172558483244076e-01
-9.702030692470433801e-03
-6.693438351321635317e-03
3.367748553682776702e-01
5.518938366419675612e-01
2.860432198774317536e-01
4.303927373191688277e-01
1.623735215765654549e-01
2.737384535439014166e-01
-8.055214320864220734e-02
3.074654685149711963e-01
1.551613337633982181e-01
-3.755411278832415656e-03
1.187559930763651683e-01
2.343809828185027533e-01
-2.820696159232654598e-01
-4.713818302390099801e-01
